frame 0: time 102.42, avg 102.42

 ICP called
--------------------------------------------------------------------------------------
--------------------------------------------------------------------------------------
pointsMap 0, 0, 0, -1
normalsMap 0, 0, 0, -1
sceneIntrinsics 573.71, 574.394, 346.471, 249.031
sceneImageSize 640, 480
depth 2.40287
viewIntrinsics 35.8569, 35.8996, 21.6544, 15.5644
viewImageSize 40, 30

approxInvPose 1, 0, 0, 0
0, 1, 0, 0
0, 0, 1, 0
0, 0, 0, 1

scenePose 1, 0, 0, 0
0, 1, 0, 0
0, 0, 1, 0
0, 0, 0, 1

levelId 4
distThresh
0.002, 0.004, 0.006, 0.008, 0.01,
ShortIteration 1
Rotation Only 1
Outputs................................
sumHessian 123.474, -33.9865, 36.8201, 18.1851, -9.43707, 12.9704, 0, 0, 1, 1, 0, 0, 0, 1, 0, 0, 2.24208e-43, 1, 0, 0, 0, 0, 0, 0, 1, 0, 0, 0, 0, 1, 0, 0, 0, 0, 1, 0,
sumNabla 2.02879, -0.569651, 0.283277, 0, 0, 0,
noValidPoints 498
sumF 0.0572447

 ICP called
--------------------------------------------------------------------------------------
--------------------------------------------------------------------------------------
pointsMap 0, 0, 0, -1
normalsMap 0, 0, 0, -1
sceneIntrinsics 573.71, 574.394, 346.471, 249.031
sceneImageSize 640, 480
depth 2.40287
viewIntrinsics 35.8569, 35.8996, 21.6544, 15.5644
viewImageSize 40, 30

approxInvPose 0.999998, 0.000182524, 0.0019083, -0
-0.000210039, 0.999896, 0.0144304, 0
-0.00190546, -0.0144308, 0.999894, 0
0, 0, -0, 1

scenePose 1, 0, 0, 0
0, 1, 0, 0
0, 0, 1, 0
0, 0, 0, 1

levelId 4
distThresh
0.002, 0.004, 0.006, 0.008, 0.01,
ShortIteration 1
Rotation Only 1
Outputs................................
sumHessian 154.792, -37.5194, 45.9973, 27.9541, -7.999, 17.722, 0, 0, 0.999894, 0.999894, 0, 0, -0, 0.999892, -4.00824e-07, 0, 0, 1, -0.00190527, -0, 0, -3.83372e-08, -0.0144308, 0, 0.999998, -0.000210043, -0.00190546, 0, 0.000182521, 0.999896, -0.0144308, 0, 0.0019083, 0.0144304, 0.999894, 0,
sumNabla 0.0745725, -0.202073, -0.114227, 0, -0, 0,
noValidPoints 532
sumF 0.0247007

 ICP called
--------------------------------------------------------------------------------------
--------------------------------------------------------------------------------------
pointsMap 0, 0, 0, -1
normalsMap 0, 0, 0, -1
sceneIntrinsics 573.71, 574.394, 346.471, 249.031
sceneImageSize 640, 480
depth 2.40287
viewIntrinsics 35.8569, 35.8996, 21.6544, 15.5644
viewImageSize 40, 30

approxInvPose 0.999922, -0.0103093, 0.00702728, 0
0.0101991, 0.999827, 0.0155492, -0
-0.00718636, -0.0154764, 0.999855, 0
0, 0, -0, 1

scenePose 1, 0, 0, 0
0, 1, 0, 0
0, 0, 1, 0
0, 0, 0, 1

levelId 4
distThresh
0.002, 0.004, 0.006, 0.008, 0.01,
ShortIteration 1
Rotation Only 1
Outputs................................
sumHessian 157.354, -45.9688, 56.5252, 27.8516, -10.7844, 17.4903, 0, 0, 0.999749, 0.999854, 0, 0, 0, 0.999777, 7.16714e-05, 0, 0, 1, -0.00718512, -0, 0, -0.000105145, -0.0154752, -0, 0.999922, 0.010199, -0.00718637, 0, -0.0103093, 0.999827, -0.0154764, 0, 0.00702727, 0.0155492, 0.999854, 0,
sumNabla -0.0145468, 0.0201858, 0.00615043, 0, 0, 0,
noValidPoints 531
sumF 0.00851766

 ICP called
--------------------------------------------------------------------------------------
--------------------------------------------------------------------------------------
pointsMap 0, 0, 0, -1
normalsMap 0, 0, 0, -1
sceneIntrinsics 573.71, 574.394, 346.471, 249.031
sceneImageSize 640, 480
depth 0
viewIntrinsics 71.7138, 71.7992, 43.3089, 31.1289
viewImageSize 80, 60

approxInvPose 0.999933, -0.00952169, 0.00662208, 0
0.00941856, 0.999837, 0.0154352, -0
-0.00676797, -0.0153718, 0.999859, 0
0, 0, -0, 1

scenePose 1, 0, 0, 0
0, 1, 0, 0
0, 0, 1, 0
0, 0, 0, 1

levelId 3
distThresh
0.002, 0.004, 0.006, 0.008, 0.01,
ShortIteration 1
Rotation Only 1
Outputs................................
sumHessian 630.62, -152.23, 171.966, 116.598, -42.8997, 71.9887, 0, 0, 0.999769, 0.999859, 0, 0, 0, 0.999792, 6.23704e-05, 0, 0, 1, -0.00676686, -0, 0, -8.96806e-05, -0.0153708, -0, 0.999933, 0.00941856, -0.00676797, 0, -0.0095217, 0.999837, -0.0153718, 0, 0.00662208, 0.0154352, 0.999859, 0,
sumNabla -4.41224, 1.21371, -0.747997, 0, 0, 0,
noValidPoints 2094
sumF 0.0547152

 ICP called
--------------------------------------------------------------------------------------
--------------------------------------------------------------------------------------
pointsMap 0, 0, 0, -1
normalsMap 0, 0, 0, -1
sceneIntrinsics 573.71, 574.394, 346.471, 249.031
sceneImageSize 640, 480
depth 0
viewIntrinsics 71.7138, 71.7992, 43.3089, 31.1289
viewImageSize 80, 60

approxInvPose 0.999946, -0.00913891, 0.00501058, 0
0.00909171, 0.999915, 0.00936664, -0
-0.00509574, -0.00932059, 0.999944, 0
0, 0, -0, 1

scenePose 1, 0, 0, 0
0, 1, 0, 0
0, 0, 1, 0
0, 0, 0, 1

levelId 3
distThresh
0.002, 0.004, 0.006, 0.008, 0.01,
ShortIteration 1
Rotation Only 1
Outputs................................
sumHessian 653.297, -176.573, 197.401, 122.912, -44.7887, 73.5797, 0, 0, 0.99986, 0.999944, 0, 0, 0, 0.999889, 4.55545e-05, 0, 0, 1, -0.00509532, -0, 0, -8.30883e-05, -0.00932007, -0, 0.999946, 0.0090917, -0.00509576, 0, -0.00913892, 0.999915, -0.00932058, 0, 0.00501056, 0.00936665, 0.999944, 0,
sumNabla -0.572171, 0.216715, 0.0258157, 0, 0, 0,
noValidPoints 2128
sumF 0.0135639

ICP called
--------------------------------------------------------------------------------------
--------------------------------------------------------------------------------------
pointsMap 0, 0, 0, -1
normalsMap 0, 0, 0, -1
sceneIntrinsics 573.71, 574.394, 346.471, 249.031
sceneImageSize 640, 480
depth 0
viewIntrinsics 143.428, 143.598, 86.6178, 62.2578
viewImageSize 160, 120

approxInvPose 0.99997, -0.00641274, 0.00440356, 0
0.00637672, 0.999947, 0.00814872, -0
-0.00445556, -0.0081204, 0.999957, 0
0, 0, -0, 1

scenePose 1, 0, 0, 0
0, 1, 0, 0
0, 0, 1, 0
0, 0, 0, 1

levelId 2
distThresh
0.002, 0.004, 0.006, 0.008, 0.01,
ShortIteration 1
Rotation Only 1
Outputs................................
sumHessian 2568.86, -640.549, 713.508, 483.003, -166.17, 295.778, 0, 0, 0.999916, 0.999957, 0, 0, 0, 0.999927, 2.80801e-05, 0, 0, 1, -0.00445534, -0, 0, -4.08923e-05, -0.00812014, -0, 0.99997, 0.00637671, -0.00445558, 0, -0.00641275, 0.999946, -0.00812039, 0, 0.00440354, 0.00814872, 0.999957, 0,
sumNabla -9.46483, 3.05565, -1.47585, 0, 0, 0,
noValidPoints 8419
sumF 0.0758381

 ICP called
--------------------------------------------------------------------------------------
--------------------------------------------------------------------------------------
pointsMap 0, 0, 0, -1
normalsMap 0, 0, 0, -1
sceneIntrinsics 573.71, 574.394, 346.471, 249.031
sceneImageSize 640, 480
depth 0
viewIntrinsics 286.855, 287.197, 173.236, 124.516
viewImageSize 320, 240

approxInvPose 0.999981, -0.00546665, 0.00290393, 0
0.00545217, 0.999973, 0.00497717, -0
-0.00293103, -0.00496126, 0.999983, 0
0, 0, -0, 1

scenePose 1, 0, 0, 0
0, 1, 0, 0
0, 0, 1, 0
0, 0, 0, 1

levelId 1
distThresh
0.002, 0.004, 0.006, 0.008, 0.01,
ShortIteration 0
Rotation Only 0
Outputs................................
sumHessian 10042.2, -2545.94, 2796.45, 1849.49, -672.913, 1139.59, 1371.35, -1851.1, 57.3764, 2296.29, 11690.3, -2185.46, 1285.85, 2045, 17423.8, 7962.15, -2694.87, 814.117, 1957.68, 11218.4, 13270.2, -2.98051e-05, -0.00496115, -0, 0.999981, 0.00545215, -0.00293106, 0, -0.00546666, 0.999973, -0.00496124, 0, 0.0029039, 0.00497718, 0.999983, 0,
sumNabla -21.4699, 7.16792, -2.22515, -4.21746, -21.6211, -17.5346,
noValidPoints 33410
sumF 0.148318

 ICP called
--------------------------------------------------------------------------------------
--------------------------------------------------------------------------------------
pointsMap 0, 0, 0, -1
normalsMap 0, 0, 0, -1
sceneIntrinsics 573.71, 574.394, 346.471, 249.031
sceneImageSize 640, 480
depth -1
viewIntrinsics 573.71, 574.394, 346.471, 249.031
viewImageSize 640, 480

approxInvPose 0.999992, -0.00355772, 0.00184871, 0.000148586
0.00355272, 0.99999, 0.00270175, 0.000312006
-0.0018583, -0.00269517, 0.999995, -0.000132343
0, 0, -0, 1

scenePose 1, 0, 0, 0
0, 1, 0, 0
0, 0, 1, 0
0, 0, 0, 1

levelId 0
distThresh
0.002, 0.004, 0.006, 0.008, 0.01,
ShortIteration 0
Rotation Only 0
Outputs................................
sumHessian 39912.7, -10084.7, 11055.2, 7368.09, -2638.42, 4519.03, 5456.57, -7326.35, 204.925, 9116.79, 46471.9, -8673.17, 5145.05, 8162.74, 69291.8, 31681.5, -10770.9, 3216.53, 7821.14, 44649.7, 52846.9, -1.26396e-05, -0.00269514, 5.33441e-07, 0.999992, 0.00355272, -0.00185831, -0.000149939, -0.00355772, 0.99999, -0.00269516, -0.000311831, 0.00184871, 0.00270176, 0.999995, 0.000131225,
sumNabla -44.4434, 15.3422, -2.99202, -10.9046, -45.0268, -28.7028,
noValidPoints 132878
sumF 0.395668
